0	-0.87	-1.74	-2.61	-3.48	-4.35	-5.22	-6.09	-6.96	-7.83	-8.7	-9.57	-10.44	-11.31	-12.18	-13.05	-13.92	-14.79	-15.66	-16.53	-17.4	-18.27	-19.14	-20.01	-20.88
0.87	0	-0.87	-1.74	-2.61	-3.48	-4.35	-5.22	-6.09	-6.96	-7.83	-8.7	-9.57	-10.44	-11.31	-12.18	-13.05	-13.92	-14.79	-15.66	-16.53	-17.4	-18.27	-19.14	-20.01
1.74	0.87	0	-0.87	-1.74	-2.61	-3.48	-4.35	-5.22	-6.09	-6.96	-7.83	-8.7	-9.57	-10.44	-11.31	-12.18	-13.05	-13.92	-14.79	-15.66	-16.53	-17.4	-18.27	-19.14
2.61	1.74	0.87	0	-0.87	-1.74	-2.61	-3.48	-4.35	-5.22	-6.09	-6.96	-7.83	-8.7	-9.57	-10.44	-11.31	-12.18	-13.05	-13.92	-14.79	-15.66	-16.53	-17.4	-18.27
3.48	2.61	1.74	0.87	0	-0.87	-1.74	-2.61	-3.48	-4.35	-5.22	-6.09	-6.96	-7.83	-8.7	-9.57	-10.44	-11.31	-12.18	-13.05	-13.92	-14.79	-15.66	-16.53	-17.4
4.35	3.48	2.61	1.74	0.87	0	-0.87	-1.74	-2.61	-3.48	-4.35	-5.22	-6.09	-6.96	-7.83	-8.7	-9.57	-10.44	-11.31	-12.18	-13.05	-13.92	-14.79	-15.66	-16.53
5.22	4.35	3.48	2.61	1.74	0.87	0	-0.87	-1.74	-2.61	-3.48	-4.35	-5.22	-6.09	-6.96	-7.83	-8.7	-9.57	-10.44	-11.31	-12.18	-13.05	-13.92	-14.79	-15.66
6.09	5.22	4.35	3.48	2.61	1.74	0.87	0	-0.87	-1.74	-2.61	-3.48	-4.35	-5.22	-6.09	-6.96	-7.83	-8.7	-9.57	-10.44	-11.31	-12.18	-13.05	-13.92	-14.79
6.96	6.09	5.22	4.35	3.48	2.61	1.74	0.87	0	-0.87	-1.74	-2.61	-3.48	-4.35	-5.22	-6.09	-6.96	-7.83	-8.7	-9.57	-10.44	-11.31	-12.18	-13.05	-13.92
7.83	6.96	6.09	5.22	4.35	3.48	2.61	1.74	0.87	0	-0.87	-1.74	-2.61	-3.48	-4.35	-5.22	-6.09	-6.96	-7.83	-8.7	-9.57	-10.44	-11.31	-12.18	-13.05
8.7	7.83	6.96	6.09	5.22	4.35	3.48	2.61	1.74	0.87	0	-0.87	-1.74	-2.61	-3.48	-4.35	-5.22	-6.09	-6.96	-7.83	-8.7	-9.57	-10.44	-11.31	-12.18
9.57	8.7	7.83	6.96	6.09	5.22	4.35	3.48	2.61	1.74	0.87	0	-0.87	-1.74	-2.61	-3.48	-4.35	-5.22	-6.09	-6.96	-7.83	-8.7	-9.57	-10.44	-11.31
10.44	9.57	8.7	7.83	6.96	6.09	5.22	4.35	3.48	2.61	1.74	0.87	0	-0.87	-1.74	-2.61	-3.48	-4.35	-5.22	-6.09	-6.96	-7.83	-8.7	-9.57	-10.44
11.31	10.44	9.57	8.7	7.83	6.96	6.09	5.22	4.35	3.48	2.61	1.74	0.87	0	-0.87	-1.74	-2.61	-3.48	-4.35	-5.22	-6.09	-6.96	-7.83	-8.7	-9.57
12.18	11.31	10.44	9.57	8.7	7.83	6.96	6.09	5.22	4.35	3.48	2.61	1.74	0.87	0	-0.87	-1.74	-2.61	-3.48	-4.35	-5.22	-6.09	-6.96	-7.83	-8.7
13.05	12.18	11.31	10.44	9.57	8.7	7.83	6.96	6.09	5.22	4.35	3.48	2.61	1.74	0.87	0	-0.87	-1.74	-2.61	-3.48	-4.35	-5.22	-6.09	-6.96	-7.83
13.92	13.05	12.18	11.31	10.44	9.57	8.7	7.83	6.96	6.09	5.22	4.35	3.48	2.61	1.74	0.87	0	-0.87	-1.74	-2.61	-3.48	-4.35	-5.22	-6.09	-6.96
14.79	13.92	13.05	12.18	11.31	10.44	9.57	8.7	7.83	6.96	6.09	5.22	4.35	3.48	2.61	1.74	0.87	0	-0.87	-1.74	-2.61	-3.48	-4.35	-5.22	-6.09
15.66	14.79	13.92	13.05	12.18	11.31	10.44	9.57	8.7	7.83	6.96	6.09	5.22	4.35	3.48	2.61	1.74	0.87	0	-0.87	-1.74	-2.61	-3.48	-4.35	-5.22
16.53	15.66	14.79	13.92	13.05	12.18	11.31	10.44	9.57	8.7	7.83	6.96	6.09	5.22	4.35	3.48	2.61	1.74	0.87	0	-0.87	-1.74	-2.61	-3.48	-4.35
17.4	16.53	15.66	14.79	13.92	13.05	12.18	11.31	10.44	9.57	8.7	7.83	6.96	6.09	5.22	4.35	3.48	2.61	1.74	0.87	0	-0.87	-1.74	-2.61	-3.48
18.27	17.4	16.53	15.66	14.79	13.92	13.05	12.18	11.31	10.44	9.57	8.7	7.83	6.96	6.09	5.22	4.35	3.48	2.61	1.74	0.87	0	-0.87	-1.74	-2.61
19.14	18.27	17.4	16.53	15.66	14.79	13.92	13.05	12.18	11.31	10.44	9.57	8.7	7.83	6.96	6.09	5.22	4.35	3.48	2.61	1.74	0.87	0	-0.87	-1.74
20.01	19.14	18.27	17.4	16.53	15.66	14.79	13.92	13.05	12.18	11.31	10.44	9.57	8.7	7.83	6.96	6.09	5.22	4.35	3.48	2.61	1.74	0.87	0	-0.87
20.88	20.01	19.14	18.27	17.4	16.53	15.66	14.79	13.92	13.05	12.18	11.31	10.44	9.57	8.7	7.83	6.96	6.09	5.22	4.35	3.48	2.61	1.74	0.87	0
-0.984	-0.943	-0.902	-0.861	-0.82	-0.779	-0.738	-0.697	-0.656	-0.615	-0.574	-0.533	-0.492	-0.451	-0.41	-0.369	-0.328	-0.287	-0.246	-0.205	-0.164	-0.123	-0.082	-0.041	0
-0.943	-0.902	-0.861	-0.82	-0.779	-0.738	-0.697	-0.656	-0.615	-0.574	-0.533	-0.492	-0.451	-0.41	-0.369	-0.328	-0.287	-0.246	-0.205	-0.164	-0.123	-0.082	-0.041	0	0.041
-0.902	-0.861	-0.82	-0.779	-0.738	-0.697	-0.656	-0.615	-0.574	-0.533	-0.492	-0.451	-0.41	-0.369	-0.328	-0.287	-0.246	-0.205	-0.164	-0.123	-0.082	-0.041	0	0.041	0.082
-0.861	-0.82	-0.779	-0.738	-0.697	-0.656	-0.615	-0.574	-0.533	-0.492	-0.451	-0.41	-0.369	-0.328	-0.287	-0.246	-0.205	-0.164	-0.123	-0.082	-0.041	0	0.041	0.082	0.123
-0.82	-0.779	-0.738	-0.697	-0.656	-0.615	-0.574	-0.533	-0.492	-0.451	-0.41	-0.369	-0.328	-0.287	-0.246	-0.205	-0.164	-0.123	-0.082	-0.041	0	0.041	0.082	0.123	0.164
-0.779	-0.738	-0.697	-0.656	-0.615	-0.574	-0.533	-0.492	-0.451	-0.41	-0.369	-0.328	-0.287	-0.246	-0.205	-0.164	-0.123	-0.082	-0.041	0	0.041	0.082	0.123	0.164	0.205
-0.738	-0.697	-0.656	-0.615	-0.574	-0.533	-0.492	-0.451	-0.41	-0.369	-0.328	-0.287	-0.246	-0.205	-0.164	-0.123	-0.082	-0.041	0	0.041	0.082	0.123	0.164	0.205	0.246
-0.697	-0.656	-0.615	-0.574	-0.533	-0.492	-0.451	-0.41	-0.369	-0.328	-0.287	-0.246	-0.205	-0.164	-0.123	-0.082	-0.041	0	0.041	0.082	0.123	0.164	0.205	0.246	0.287
-0.656	-0.615	-0.574	-0.533	-0.492	-0.451	-0.41	-0.369	-0.328	-0.287	-0.246	-0.205	-0.164	-0.123	-0.082	-0.041	0	0.041	0.082	0.123	0.164	0.205	0.246	0.287	0.328
-0.615	-0.574	-0.533	-0.492	-0.451	-0.41	-0.369	-0.328	-0.287	-0.246	-0.205	-0.164	-0.123	-0.082	-0.041	0	0.041	0.082	0.123	0.164	0.205	0.246	0.287	0.328	0.369
-0.574	-0.533	-0.492	-0.451	-0.41	-0.369	-0.328	-0.287	-0.246	-0.205	-0.164	-0.123	-0.082	-0.041	0	0.041	0.082	0.123	0.164	0.205	0.246	0.287	0.328	0.369	0.41
-0.533	-0.492	-0.451	-0.41	-0.369	-0.328	-0.287	-0.246	-0.205	-0.164	-0.123	-0.082	-0.041	0	0.041	0.082	0.123	0.164	0.205	0.246	0.287	0.328	0.369	0.41	0.451
-0.492	-0.451	-0.41	-0.369	-0.328	-0.287	-0.246	-0.205	-0.164	-0.123	-0.082	-0.041	0	0.041	0.082	0.123	0.164	0.205	0.246	0.287	0.328	0.369	0.41	0.451	0.492
-0.451	-0.41	-0.369	-0.328	-0.287	-0.246	-0.205	-0.164	-0.123	-0.082	-0.041	0	0.041	0.082	0.123	0.164	0.205	0.246	0.287	0.328	0.369	0.41	0.451	0.492	0.533
-0.41	-0.369	-0.328	-0.287	-0.246	-0.205	-0.164	-0.123	-0.082	-0.041	0	0.041	0.082	0.123	0.164	0.205	0.246	0.287	0.328	0.369	0.41	0.451	0.492	0.533	0.574
-0.369	-0.328	-0.287	-0.246	-0.205	-0.164	-0.123	-0.082	-0.041	0	0.041	0.082	0.123	0.164	0.205	0.246	0.287	0.328	0.369	0.41	0.451	0.492	0.533	0.574	0.615
-0.328	-0.287	-0.246	-0.205	-0.164	-0.123	-0.082	-0.041	0	0.041	0.082	0.123	0.164	0.205	0.246	0.287	0.328	0.369	0.41	0.451	0.492	0.533	0.574	0.615	0.656
-0.287	-0.246	-0.205	-0.164	-0.123	-0.082	-0.041	0	0.041	0.082	0.123	0.164	0.205	0.246	0.287	0.328	0.369	0.41	0.451	0.492	0.533	0.574	0.615	0.656	0.697
-0.246	-0.205	-0.164	-0.123	-0.082	-0.041	0	0.041	0.082	0.123	0.164	0.205	0.246	0.287	0.328	0.369	0.41	0.451	0.492	0.533	0.574	0.615	0.656	0.697	0.738
-0.205	-0.164	-0.123	-0.082	-0.041	0	0.041	0.082	0.123	0.164	0.205	0.246	0.287	0.328	0.369	0.41	0.451	0.492	0.533	0.574	0.615	0.656	0.697	0.738	0.779
-0.164	-0.123	-0.082	-0.041	0	0.041	0.082	0.123	0.164	0.205	0.246	0.287	0.328	0.369	0.41	0.451	0.492	0.533	0.574	0.615	0.656	0.697	0.738	0.779	0.82
-0.123	-0.082	-0.041	0	0.041	0.082	0.123	0.164	0.205	0.246	0.287	0.328	0.369	0.41	0.451	0.492	0.533	0.574	0.615	0.656	0.697	0.738	0.779	0.82	0.861
-0.082	-0.041	0	0.041	0.082	0.123	0.164	0.205	0.246	0.287	0.328	0.369	0.41	0.451	0.492	0.533	0.574	0.615	0.656	0.697	0.738	0.779	0.82	0.861	0.902
-0.041	0	0.041	0.082	0.123	0.164	0.205	0.246	0.287	0.328	0.369	0.41	0.451	0.492	0.533	0.574	0.615	0.656	0.697	0.738	0.779	0.82	0.861	0.902	0.943
0	0.041	0.082	0.123	0.164	0.205	0.246	0.287	0.328	0.369	0.41	0.451	0.492	0.533	0.574	0.615	0.656	0.697	0.738	0.779	0.82	0.861	0.902	0.943	0.984
